345 582
213 658
38 202
745 511
456 557
333 985
12 377
519 522
580 303
337 535
859 649
741 872
189 623
86 144
37 743
710 343
378 406
175 186
624 66
667 641
405 834
48 698
443 425
213 377
389 59
310 532
178 940
690 866
771 116
1000 939
377 21
53 355
558 533
358 463
767 431
907 394
655 497
957 870
808 516
251 904
170 824
836 27
802 847
767 560
137 802
371 645
701 960
272 135
583 435
55 177
628 320
162 297
687 547
875 131
523 610
572 357
828 580
868 789
493 655
161 637
837 345
526 247
234 190
146 123
598 423
506 250
562 909
588 457
963 494
394 335
638 216
371 415
903 982
560 978
451 849
370 286
548 388
822 721
159 937
832 634
716 908
588 855
319 14
740 770
32 586
954 373
270 796
16 476
251 109
662 146
322 899
110 275
461 353
644 664
722 863
751 935
847 351
524 107
504 954
472 750
