829 450
452 905
398 482
706 658
684 582
825 934
717 402
445 83
194 12
439 197
400 412
347 120
788 484
930 137
973 167
163 495
915 878
588 362
265 65
189 667
475 297
486 298
639 736
587 784
835 851
729 675
320 627
851 63
558 584
660 107
346 352
821 147
365 232
984 43
991 816
369 895
455 491
766 969
355 762
341 131
571 860
432 313
350 605
661 318
290 711
253 31
44 151
195 325
832 934
777 773
705 83
381 863
699 862
356 566
535 641
344 58
796 148
596 586
577 840
394 70
445 914
362 383
300 178
276 592
837 152
381 254
505 440
509 504
552 9
282 828
51 560
62 89
359 667
646 984
951 444
605 729
955 995
9 271
321 58
215 936
725 661
126 341
940 980
969 127
667 970
998 40
368 743
422 488
597 649
743 959
305 149
101 856
700 97
85 934
654 81
572 640
352 184
475 777
515 654
562 205
