370 860
534 863
327 767
920 304
77 188
779 363
509 915
539 650
974 433
159 524
917 80
303 781
311 576
156 765
870 913
841 521
120 688
13 676
220 69
454 968
333 919
527 567
309 41
232 732
494 620
250 451
469 291
697 856
945 982
542 545
489 696
799 834
152 59
313 696
585 242
507 742
189 12
629 212
769 447
428 717
196 336
6 623
749 882
69 625
925 844
582 303
926 53
514 335
627 523
464 53
644 141
649 916
825 549
131 130
195 376
880 63
450 157
386 681
564 907
547 359
760 404
983 552
295 456
858 355
291 421
798 909
181 636
308 919
878 275
590 432
383 718
32 836
409 186
931 660
35 488
14 832
274 980
693 449
404 657
713 359
370 423
803 230
514 889
562 954
641 798
188 586
672 133
192 95
888 495
967 540
389 573
784 528
562 735
372 346
380 0
472 731
709 624
294 509
577 576
757 409
