371 158
111 767
83 55
369 781
315 399
673 873
322 948
246 644
324 749
230 21
596 766
63 282
726 421
854 451
938 689
875 100
717 319
142 498
408 794
848 935
853 760
260 244
10 696
387 101
60 477
605 30
640 436
901 21
239 232
616 184
683 267
725 54
349 638
921 126
287 162
408 195
479 911
114 127
976 836
575 441
620 874
103 510
465 529
603 309
21 303
4 516
765 7
826 839
287 158
191 556
542 413
950 425
939 528
617 459
722 436
168 565
801 970
294 361
738 222
792 930
568 144
961 641
419 502
693 666
171 110
1 410
419 722
513 576
648 381
277 519
840 25
952 748
439 161
197 422
936 868
336 814
766 156
607 438
973 928
830 109
569 91
564 225
708 181
931 329
519 475
696 412
517 394
918 960
205 796
542 226
850 318
223 265
179 997
84 465
989 407
717 348
789 520
36 892
679 421
10 193
