281 415
617 487
665 910
575 472
151 941
443 209
493 431
699 931
283 341
169 624
296 717
840 136
850 751
820 310
764 953
213 716
501 913
696 23
70 989
62 765
693 100
463 636
574 302
195 106
169 758
303 487
113 283
831 89
40 705
791 254
137 474
955 921
867 32
840 988
38 156
393 746
1 634
35 702
962 722
671 367
868 89
347 715
924 224
278 511
69 45
308 470
991 85
704 271
918 871
651 776
788 779
318 672
722 708
745 871
642 651
529 169
489 813
881 386
935 429
773 176
327 336
468 803
843 379
110 128
829 772
263 196
12 714
415 427
284 861
859 407
523 163
497 801
167 137
894 153
521 701
226 835
418 315
790 552
914 594
969 169
626 334
275 708
34 590
436 688
333 457
322 877
151 985
866 230
544 671
903 553
506 159
609 304
490 238
8 127
822 578
374 785
922 743
875 827
7 577
999 8
