413 45
856 139
387 401
597 265
281 168
680 398
654 383
620 546
753 537
574 714
119 140
476 200
526 30
816 585
659 164
227 674
207 646
818 696
961 270
841 329
704 91
917 248
908 135
875 14
365 928
988 494
688 268
848 377
541 467
498 414
721 115
137 256
341 492
264 799
909 802
54 848
582 371
963 60
664 618
385 80
647 169
426 589
717 189
264 959
940 438
985 515
568 441
849 172
980 764
827 302
967 581
808 72
293 697
323 127
546 267
31 348
91 926
107 899
927 629
7 173
467 305
498 897
308 513
867 362
316 538
434 443
135 562
198 968
153 686
647 487
110 705
171 55
622 456
788 617
514 608
286 314
946 244
881 313
474 119
395 181
163 512
269 462
384 578
359 155
404 401
162 219
320 925
210 919
185 318
932 536
797 650
117 931
112 625
717 788
174 645
808 200
513 425
636 671
620 269
357 928
