538 591
447 911
376 945
607 488
504 996
905 112
828 821
308 42
839 26
270 990
684 588
638 79
751 728
557 103
482 91
465 984
28 668
282 642
648 982
421 608
400 82
561 194
867 543
933 172
142 548
42 138
510 807
191 863
444 103
888 271
473 42
240 667
960 135
374 594
168 952
315 890
823 151
592 858
150 723
195 223
58 28
172 455
253 755
175 607
834 370
939 666
525 203
320 973
642 557
766 105
348 672
510 329
870 561
128 784
620 433
988 333
264 220
793 146
101 852
317 469
121 324
316 932
438 522
468 324
807 517
449 858
777 742
511 641
893 394
712 887
403 114
399 232
571 892
518 344
247 301
55 961
376 60
955 428
983 155
608 815
503 609
336 210
37 919
333 237
50 308
828 959
571 19
351 186
321 368
151 752
780 856
793 806
690 540
752 83
776 77
952 511
214 613
743 957
689 762
563 574
