734 85
341 519
123 872
27 173
135 302
115 227
21 540
35 156
940 915
956 107
201 619
652 956
936 861
930 163
640 714
103 687
851 633
99 255
484 878
548 399
278 341
620 597
357 782
585 786
907 654
545 606
493 278
567 235
169 201
466 544
459 153
420 784
728 568
417 682
90 304
972 408
512 552
37 343
470 992
601 293
159 793
726 646
843 995
90 235
779 262
42 680
650 429
234 595
550 1
152 934
686 86
787 39
919 426
875 280
39 750
234 452
985 294
600 554
185 271
725 364
526 552
649 861
636 493
782 768
298 942
379 734
299 171
996 445
984 454
997 463
353 868
403 691
524 113
373 248
670 283
460 849
138 530
969 516
10 477
963 711
482 338
838 582
557 571
110 564
474 608
854 961
201 468
648 202
781 356
237 468
473 750
850 169
785 418
814 421
641 367
712 27
76 37
258 147
536 589
649 203
