823 877
979 54
59 801
169 934
391 96
620 43
51 945
742 597
461 651
557 358
216 675
866 507
595 568
694 90
586 743
530 380
297 575
788 179
206 1000
922 126
809 617
183 962
72 546
764 250
708 881
711 621
267 283
424 858
104 206
298 886
628 119
311 612
82 434
82 245
699 336
614 787
496 319
327 479
912 88
98 828
925 730
818 412
680 694
496 612
514 438
57 855
505 924
150 847
615 358
184 216
416 963
935 3
506 338
616 966
303 802
332 959
642 225
392 867
978 408
456 341
332 938
22 94
855 212
986 656
702 158
309 824
251 677
130 186
53 255
761 988
104 656
401 956
683 257
907 538
814 689
249 132
159 8
892 760
515 771
58 787
180 369
465 936
687 6
262 50
188 126
212 378
998 634
542 969
93 686
270 364
930 591
474 110
949 627
255 399
297 836
469 237
311 111
440 909
936 548
618 814
