565 995
655 471
633 189
661 821
695 49
108 958
4 952
363 298
393 776
315 830
616 131
897 685
964 595
514 949
727 281
625 801
773 334
495 729
855 569
656 295
223 341
738 441
971 567
12 684
724 285
587 810
991 164
366 448
733 936
655 352
174 745
989 917
106 654
351 50
457 853
218 869
804 109
865 269
600 929
292 502
803 885
78 423
883 359
242 715
688 972
700 728
185 220
588 677
216 423
751 871
491 508
452 692
419 415
436 349
514 428
278 25
751 304
670 514
759 719
239 357
145 336
160 897
560 921
353 402
533 81
348 673
744 403
170 167
153 22
892 679
55 597
590 214
60 646
431 70
964 850
135 470
785 158
270 15
320 846
57 970
114 671
921 161
90 51
109 533
399 734
865 690
123 750
824 294
807 102
48 191
456 191
423 161
819 466
357 860
426 93
288 160
699 684
49 891
6 0
474 131
